0.239972
0.346592
0.355191
0.53847
0.62126
1.08396
0.398856
0.680567
0.500341
0.38487
0.538086
0.784315
1.06079
1.6801
0.852946
0.838679
1.30918
1.36882
3.26794
1.87849
2.08151
2.11669
2.47546
3.9662
2.03379
1.44928
2.01969
1.81395
1.60553
1.65413
1.64938
1.68881
1.57642
3.03462
2.6282
2.41568
2.21271
2.23659
4.54964
5.83265
4.99562
5.63253
5.54175
2.23438
2.38274
2.45658
2.41255
2.49196
3.05367
2.55631
3.20316
2.88754
2.895
2.92732
3.26487
3.05183
3.08018
5.10267
4.2984
4.22408
6.38498
4.94057
4.90161
4.59905
4.411
4.37955
4.00175
4.06762
4.36251
4.50362
4.34739
4.52389
4.77543
6.89608
4.69554
4.78229
5.18469
7.2488
7.85519
9.36123
9.47027
8.23205
8.73783
10.3388
12.0135
18.6102
11.2984
9.35309
14.9234
12.6667
8.84517
7.38191
8.62248
7.30007
7.71226
8.69772
9.31762
10.6969
8.87425
8.9075
9.09355
9.73088
11.8955
11.6441
10.9954
9.8493
10.6523
9.73056
12.4726
15.0134
11.1673
10.0852
13.1666
12.9159
19.5406
14.3238
10.9267
14.9463
23.2338
27.3043
21.3539
17.2447
25.2862
21.3725
19.8942
20.9993
26.8825
31.0559
26.8742
20.2837
16.7536
17.1787
15.5779
14.1991
15.4293
16.9635
14.9052
17.1942
16.401
25.4969
20.6035
20.7724
21.2888
19.3039
19.7103
22.4385
21.7789
19.6488
20.2818
21.8545
21.1222
20.435
21.5513
30.8552
25.4745
23.7493
26.1046
25.8304
34.606
23.1839
25.1307
29.1129
35.2696
32.6284
23.6914
22.9231
19.5375
19.9758
21.7379
27.6127
25.1276
30.1663
27.2035
26.8832
25.1434
22.329
21.6672
27.3399
22.9868
23.4622
22.6872
27.292
30.1462
26.6089
27.2269
30.4942
25.8898
25.5742
27.5815
26.7134
24.5303
29.2438
25.4199
25.238
28.6346
26.4739
29.7942
30.1937
28.2029
32.8388
28.8223
27.5658
26.6499
28.4426
31.9257
30.1838
31.8968
27.9076
33.5439
34.2004
29.6775
34.6502
34.8354
30.0228
31.0603
35.4975
30.9606
30.7337
35.1551
33.7095
41.5902
42.8946
33.7684
37.3491
32.938
35.0906
38.0667
37.8917
40.155
46.133
36.8657
36.5684
35.5964
40.436
49.7115
40.8979
35.8617
37.3255
39.1672
45.7077
44.7517
41.3932
40.901
37.7356
45.255
40.9458
42.7779
37.3531
38.6516
38.9569
51.3992
44.4313
44.3699
50.1589
66.1028
52.6415
42.6585
50.5492
48.7065
44.3082
44.991
48.5539
44.3212
52.9823
43.7719
53.8076
51.5463
53.0467
54.3544
69.686
88.1076
89.8456
85.8292
78.064
49.185
49.8408
49.8925
58.5929
48.753
65.4536
51.3066
61.2597
55.1599
50.0932
64.917
49.886
52.9648
53.4535
70.7935
54.4282
61.5761
55.5905
59.0688
57.9146
63.6885
63.6244
59.7981
54.513
56.141
70.3902
54.5093
53.0938
59.5849
58.0756
55.9923
67.7783
63.887
59.3296
58.2263
63.6838
63.9371
61.1002
65.0492
66.868
64.4746
61.1563
67.5041
64.3985
59.3529
77.2846
60.0497
63.9971
60.526
76.2455
65.0836
67.8277
93.82
65.779
75.5443
80.8263
71.8825
69.8786
68.1141
70.3596
81.305
79.0601
72.6431
79.3425
68.0301
77.4375
79.3008
79.4604
71.6282
85.3724
68.1388
83.0289
77.7689
72.0142
80.8111
77.7468
75.7452
89.2356
78.0609
92.0485
81.0397
105.711
100.102
78.9416
95.3359
103.703
110.383
100.491
88.7506
87.6945
91.5446
94.1476
80.2621
96.5043
89.1998
108.283
119.185
91.4477
87.8423
82.904
93.1086
96.5601
144.245
115.96
89.3064
85.0426
93.8753
90.2051
101.303
99.5959
116.071
91.9644
108.243
107.304
96.5347
95.8934
105.525
102.789
94.48
105.432
97.9915
104.158
103.822
110.104
97.2529
