C1, R1, V1
0,0.0002, -0.0002, -0.0002
0.01,0.000218837, -0.000218837, -0.000218837
0.02,0.0002376, -0.0002376, -0.0002376
0.03,0.000256214, -0.000256214, -0.000256214
0.04,0.000274607, -0.000274607, -0.000274607
0.05,0.000292705, -0.000292705, -0.000292705
0.06,0.000310437, -0.000310437, -0.000310437
0.07,0.000327734, -0.000327734, -0.000327734
0.08,0.000344526, -0.000344526, -0.000344526
0.09,0.000360748, -0.000360748, -0.000360748
0.1,0.000376335, -0.000376335, -0.000376335
0.11,0.000391227, -0.000391227, -0.000391227
0.12,0.000405364, -0.000405364, -0.000405364
0.13,0.00041869, -0.00041869, -0.00041869
0.14,0.000431153, -0.000431153, -0.000431153
0.15,0.000442705, -0.000442705, -0.000442705
0.16,0.000453298, -0.000453298, -0.000453298
0.17,0.000462891, -0.000462891, -0.000462891
0.18,0.000471447, -0.000471447, -0.000471447
0.19,0.000478932, -0.000478932, -0.000478932
0.2,0.000485316, -0.000485316, -0.000485316
0.21,0.000490574, -0.000490574, -0.000490574
0.22,0.000494685, -0.000494685, -0.000494685
0.23,0.000497633, -0.000497633, -0.000497633
0.24,0.000499407, -0.000499407, -0.000499407
0.25,0.000499999, -0.000499999, -0.000499999
0.26,0.000499407, -0.000499407, -0.000499407
0.27,0.000497633, -0.000497633, -0.000497633
0.28,0.000494685, -0.000494685, -0.000494685
0.29,0.000490574, -0.000490574, -0.000490574
0.3,0.000485316, -0.000485316, -0.000485316
0.31,0.000478932, -0.000478932, -0.000478932
0.32,0.000471447, -0.000471447, -0.000471447
0.33,0.000462891, -0.000462891, -0.000462891
0.34,0.000453297, -0.000453297, -0.000453297
0.35,0.000442704, -0.000442704, -0.000442704
0.36,0.000431152, -0.000431152, -0.000431152
0.37,0.000418689, -0.000418689, -0.000418689
0.38,0.000405363, -0.000405363, -0.000405363
0.39,0.000391226, -0.000391226, -0.000391226
0.4,0.000376334, -0.000376334, -0.000376334
0.41,0.000360746, -0.000360746, -0.000360746
0.42,0.000344524, -0.000344524, -0.000344524
0.43,0.000327732, -0.000327732, -0.000327732
0.44,0.000310436, -0.000310436, -0.000310436
0.45,0.000292703, -0.000292703, -0.000292703
0.46,0.000274605, -0.000274605, -0.000274605
0.47,0.000256212, -0.000256212, -0.000256212
0.48,0.000237598, -0.000237598, -0.000237598
0.49,0.000218835, -0.000218835, -0.000218835
0.5,0.000199998, -0.000199998, -0.000199998
0.51,0.000181161, -0.000181161, -0.000181161
0.52,0.000162398, -0.000162398, -0.000162398
0.53,0.000143784, -0.000143784, -0.000143784
0.54,0.000125391, -0.000125391, -0.000125391
0.55,0.000107293, -0.000107293, -0.000107293
0.56,8.95606e-05, -8.95606e-05, -8.95606e-05
0.57,7.22641e-05, -7.22641e-05, -7.22641e-05
0.58,5.54718e-05, -5.54718e-05, -5.54718e-05
0.59,3.92499e-05, -3.92499e-05, -3.92499e-05
0.6,2.36623e-05, -2.36623e-05, -2.36623e-05
0.61,8.77073e-06, -8.77073e-06, -8.77073e-06
0.62,-5.36621e-06, 5.36621e-06, 5.36621e-06
0.63,-1.86927e-05, 1.86927e-05, 1.86927e-05
0.64,-3.1156e-05, 3.1156e-05, 3.1156e-05
0.65,-4.27072e-05, 4.27072e-05, 4.27072e-05
0.66,-5.33004e-05, 5.33004e-05, 5.33004e-05
0.67,-6.28941e-05, 6.28941e-05, 6.28941e-05
0.68,-7.14502e-05, 7.14502e-05, 7.14502e-05
0.69,-7.8935e-05, 7.8935e-05, 7.8935e-05
0.7,-8.5319e-05, 8.5319e-05, 8.5319e-05
0.71,-9.0577e-05, 9.0577e-05, 9.0577e-05
0.72,-9.46882e-05, 9.46882e-05, 9.46882e-05
0.73,-9.76364e-05, 9.76364e-05, 9.76364e-05
0.74,-9.941e-05, 9.941e-05, 9.941e-05
0.75,-0.000100002, 0.000100002, 0.000100002
0.76,-9.941e-05, 9.941e-05, 9.941e-05
0.77,-9.76364e-05, 9.76364e-05, 9.76364e-05
0.78,-9.46881e-05, 9.46881e-05, 9.46881e-05
0.79,-9.05769e-05, 9.05769e-05, 9.05769e-05
0.8,-8.53189e-05, 8.53189e-05, 8.53189e-05
0.81,-7.89349e-05, 7.89349e-05, 7.89349e-05
0.82,-7.145e-05, 7.145e-05, 7.145e-05
0.83,-6.28939e-05, 6.28939e-05, 6.28939e-05
0.84,-5.33003e-05, 5.33003e-05, 5.33003e-05
0.85,-4.2707e-05, 4.2707e-05, 4.2707e-05
0.86,-3.11559e-05, 3.11559e-05, 3.11559e-05
0.87,-1.86925e-05, 1.86925e-05, 1.86925e-05
0.88,-5.36603e-06, 5.36603e-06, 5.36603e-06
0.89,8.7709e-06, -8.7709e-06, -8.7709e-06
0.9,2.36625e-05, -2.36625e-05, -2.36625e-05
0.91,3.92501e-05, -3.92501e-05, -3.92501e-05
0.92,5.5472e-05, -5.5472e-05, -5.5472e-05
0.93,7.22643e-05, -7.22643e-05, -7.22643e-05
0.94,8.95607e-05, -8.95607e-05, -8.95607e-05
0.95,0.000107293, -0.000107293, -0.000107293
0.96,0.000125391, -0.000125391, -0.000125391
0.97,0.000143784, -0.000143784, -0.000143784
0.98,0.000162398, -0.000162398, -0.000162398
0.99,0.000181161, -0.000181161, -0.000181161
1,0.000199998, -0.000199998, -0.000199998
1.01,0.000218835, -0.000218835, -0.000218835
1.02,0.000237598, -0.000237598, -0.000237598
1.03,0.000256212, -0.000256212, -0.000256212
1.04,0.000274605, -0.000274605, -0.000274605
1.05,0.000292703, -0.000292703, -0.000292703
1.06,0.000310435, -0.000310435, -0.000310435
1.07,0.000327732, -0.000327732, -0.000327732
1.08,0.000344524, -0.000344524, -0.000344524
1.09,0.000360746, -0.000360746, -0.000360746
1.1,0.000376333, -0.000376333, -0.000376333
1.11,0.000391225, -0.000391225, -0.000391225
1.12,0.000405362, -0.000405362, -0.000405362
1.13,0.000418688, -0.000418688, -0.000418688
1.14,0.000431151, -0.000431151, -0.000431151
1.15,0.000442703, -0.000442703, -0.000442703
1.16,0.000453296, -0.000453296, -0.000453296
1.17,0.000462889, -0.000462889, -0.000462889
1.18,0.000471445, -0.000471445, -0.000471445
1.19,0.00047893, -0.00047893, -0.00047893
1.2,0.000485314, -0.000485314, -0.000485314
1.21,0.000490572, -0.000490572, -0.000490572
1.22,0.000494683, -0.000494683, -0.000494683
1.23,0.000497631, -0.000497631, -0.000497631
1.24,0.000499405, -0.000499405, -0.000499405
1.25,0.000499997, -0.000499997, -0.000499997
1.26,0.000499405, -0.000499405, -0.000499405
1.27,0.000497631, -0.000497631, -0.000497631
1.28,0.000494683, -0.000494683, -0.000494683
1.29,0.000490572, -0.000490572, -0.000490572
1.3,0.000485314, -0.000485314, -0.000485314
1.31,0.00047893, -0.00047893, -0.00047893
1.32,0.000471445, -0.000471445, -0.000471445
1.33,0.000462889, -0.000462889, -0.000462889
1.34,0.000453295, -0.000453295, -0.000453295
1.35,0.000442702, -0.000442702, -0.000442702
1.36,0.00043115, -0.00043115, -0.00043115
1.37,0.000418687, -0.000418687, -0.000418687
1.38,0.000405361, -0.000405361, -0.000405361
1.39,0.000391224, -0.000391224, -0.000391224
1.4,0.000376332, -0.000376332, -0.000376332
1.41,0.000360744, -0.000360744, -0.000360744
1.42,0.000344522, -0.000344522, -0.000344522
1.43,0.00032773, -0.00032773, -0.00032773
1.44,0.000310434, -0.000310434, -0.000310434
1.45,0.000292701, -0.000292701, -0.000292701
1.46,0.000274603, -0.000274603, -0.000274603
1.47,0.00025621, -0.00025621, -0.00025621
1.48,0.000237596, -0.000237596, -0.000237596
1.49,0.000218833, -0.000218833, -0.000218833
1.5,0.000199996, -0.000199996, -0.000199996
1.51,0.000181159, -0.000181159, -0.000181159
1.52,0.000162396, -0.000162396, -0.000162396
1.53,0.000143782, -0.000143782, -0.000143782
1.54,0.000125389, -0.000125389, -0.000125389
1.55,0.000107291, -0.000107291, -0.000107291
1.56,8.95586e-05, -8.95586e-05, -8.95586e-05
1.57,7.22621e-05, -7.22621e-05, -7.22621e-05
1.58,5.54698e-05, -5.54698e-05, -5.54698e-05
1.59,3.92479e-05, -3.92479e-05, -3.92479e-05
1.6,2.36603e-05, -2.36603e-05, -2.36603e-05
1.61,8.76873e-06, -8.76873e-06, -8.76873e-06
1.62,-5.36821e-06, 5.36821e-06, 5.36821e-06
1.63,-1.86947e-05, 1.86947e-05, 1.86947e-05
1.64,-3.1158e-05, 3.1158e-05, 3.1158e-05
1.65,-4.27092e-05, 4.27092e-05, 4.27092e-05
1.66,-5.33024e-05, 5.33024e-05, 5.33024e-05
1.67,-6.28961e-05, 6.28961e-05, 6.28961e-05
1.68,-7.14522e-05, 7.14522e-05, 7.14522e-05
1.69,-7.8937e-05, 7.8937e-05, 7.8937e-05
1.7,-8.5321e-05, 8.5321e-05, 8.5321e-05
1.71,-9.0579e-05, 9.0579e-05, 9.0579e-05
1.72,-9.46902e-05, 9.46902e-05, 9.46902e-05
1.73,-9.76384e-05, 9.76384e-05, 9.76384e-05
1.74,-9.9412e-05, 9.9412e-05, 9.9412e-05
1.75,-0.000100004, 0.000100004, 0.000100004
1.76,-9.9412e-05, 9.9412e-05, 9.9412e-05
1.77,-9.76384e-05, 9.76384e-05, 9.76384e-05
1.78,-9.46901e-05, 9.46901e-05, 9.46901e-05
1.79,-9.05789e-05, 9.05789e-05, 9.05789e-05
1.8,-8.53209e-05, 8.53209e-05, 8.53209e-05
1.81,-7.89369e-05, 7.89369e-05, 7.89369e-05
1.82,-7.1452e-05, 7.1452e-05, 7.1452e-05
1.83,-6.28959e-05, 6.28959e-05, 6.28959e-05
1.84,-5.33023e-05, 5.33023e-05, 5.33023e-05
1.85,-4.2709e-05, 4.2709e-05, 4.2709e-05
1.86,-3.11579e-05, 3.11579e-05, 3.11579e-05
1.87,-1.86945e-05, 1.86945e-05, 1.86945e-05
1.88,-5.36803e-06, 5.36803e-06, 5.36803e-06
1.89,8.7689e-06, -8.7689e-06, -8.7689e-06
1.9,2.36605e-05, -2.36605e-05, -2.36605e-05
1.91,3.92481e-05, -3.92481e-05, -3.92481e-05
1.92,5.547e-05, -5.547e-05, -5.547e-05
1.93,7.22623e-05, -7.22623e-05, -7.22623e-05
1.94,8.95587e-05, -8.95587e-05, -8.95587e-05
1.95,0.000107291, -0.000107291, -0.000107291
1.96,0.000125389, -0.000125389, -0.000125389
1.97,0.000143782, -0.000143782, -0.000143782
1.98,0.000162396, -0.000162396, -0.000162396
1.99,0.000181159, -0.000181159, -0.000181159
2,0.000199996, -0.000199996, -0.000199996
2.01,0.000218833, -0.000218833, -0.000218833
2.02,0.000237596, -0.000237596, -0.000237596
2.03,0.00025621, -0.00025621, -0.00025621
2.04,0.000274603, -0.000274603, -0.000274603
2.05,0.000292701, -0.000292701, -0.000292701
2.06,0.000310433, -0.000310433, -0.000310433
2.07,0.00032773, -0.00032773, -0.00032773
2.08,0.000344522, -0.000344522, -0.000344522
2.09,0.000360744, -0.000360744, -0.000360744
2.1,0.000376331, -0.000376331, -0.000376331
2.11,0.000391223, -0.000391223, -0.000391223
2.12,0.00040536, -0.00040536, -0.00040536
2.13,0.000418686, -0.000418686, -0.000418686
2.14,0.000431149, -0.000431149, -0.000431149
2.15,0.000442701, -0.000442701, -0.000442701
2.16,0.000453294, -0.000453294, -0.000453294
2.17,0.000462887, -0.000462887, -0.000462887
2.18,0.000471443, -0.000471443, -0.000471443
2.19,0.000478928, -0.000478928, -0.000478928
2.2,0.000485312, -0.000485312, -0.000485312
2.21,0.00049057, -0.00049057, -0.00049057
2.22,0.000494681, -0.000494681, -0.000494681
2.23,0.000497629, -0.000497629, -0.000497629
2.24,0.000499403, -0.000499403, -0.000499403
2.25,0.000499995, -0.000499995, -0.000499995
2.26,0.000499403, -0.000499403, -0.000499403
2.27,0.000497629, -0.000497629, -0.000497629
2.28,0.000494681, -0.000494681, -0.000494681
2.29,0.00049057, -0.00049057, -0.00049057
2.3,0.000485312, -0.000485312, -0.000485312
2.31,0.000478928, -0.000478928, -0.000478928
2.32,0.000471443, -0.000471443, -0.000471443
2.33,0.000462887, -0.000462887, -0.000462887
2.34,0.000453293, -0.000453293, -0.000453293
2.35,0.0004427, -0.0004427, -0.0004427
2.36,0.000431148, -0.000431148, -0.000431148
2.37,0.000418685, -0.000418685, -0.000418685
2.38,0.000405359, -0.000405359, -0.000405359
2.39,0.000391222, -0.000391222, -0.000391222
2.4,0.00037633, -0.00037633, -0.00037633
2.41,0.000360742, -0.000360742, -0.000360742
2.42,0.00034452, -0.00034452, -0.00034452
2.43,0.000327728, -0.000327728, -0.000327728
2.44,0.000310432, -0.000310432, -0.000310432
2.45,0.000292699, -0.000292699, -0.000292699
2.46,0.000274601, -0.000274601, -0.000274601
2.47,0.000256208, -0.000256208, -0.000256208
2.48,0.000237594, -0.000237594, -0.000237594
2.49,0.000218831, -0.000218831, -0.000218831
2.5,0.000199994, -0.000199994, -0.000199994
2.51,0.000181157, -0.000181157, -0.000181157
2.52,0.000162394, -0.000162394, -0.000162394
2.53,0.00014378, -0.00014378, -0.00014378
2.54,0.000125387, -0.000125387, -0.000125387
2.55,0.000107289, -0.000107289, -0.000107289
2.56,8.95566e-05, -8.95566e-05, -8.95566e-05
2.57,7.22601e-05, -7.22601e-05, -7.22601e-05
2.58,5.54678e-05, -5.54678e-05, -5.54678e-05
2.59,3.92459e-05, -3.92459e-05, -3.92459e-05
2.6,2.36583e-05, -2.36583e-05, -2.36583e-05
2.61,8.76673e-06, -8.76673e-06, -8.76673e-06
2.62,-5.37021e-06, 5.37021e-06, 5.37021e-06
2.63,-1.86967e-05, 1.86967e-05, 1.86967e-05
2.64,-3.116e-05, 3.116e-05, 3.116e-05
2.65,-4.27112e-05, 4.27112e-05, 4.27112e-05
2.66,-5.33044e-05, 5.33044e-05, 5.33044e-05
2.67,-6.28981e-05, 6.28981e-05, 6.28981e-05
2.68,-7.14542e-05, 7.14542e-05, 7.14542e-05
2.69,-7.8939e-05, 7.8939e-05, 7.8939e-05
2.7,-8.5323e-05, 8.5323e-05, 8.5323e-05
2.71,-9.0581e-05, 9.0581e-05, 9.0581e-05
2.72,-9.46922e-05, 9.46922e-05, 9.46922e-05
2.73,-9.76404e-05, 9.76404e-05, 9.76404e-05
2.74,-9.9414e-05, 9.9414e-05, 9.9414e-05
2.75,-0.000100006, 0.000100006, 0.000100006
2.76,-9.9414e-05, 9.9414e-05, 9.9414e-05
2.77,-9.76404e-05, 9.76404e-05, 9.76404e-05
2.78,-9.46921e-05, 9.46921e-05, 9.46921e-05
2.79,-9.05809e-05, 9.05809e-05, 9.05809e-05
2.8,-8.53229e-05, 8.53229e-05, 8.53229e-05
2.81,-7.89389e-05, 7.89389e-05, 7.89389e-05
2.82,-7.1454e-05, 7.1454e-05, 7.1454e-05
2.83,-6.28979e-05, 6.28979e-05, 6.28979e-05
2.84,-5.33043e-05, 5.33043e-05, 5.33043e-05
2.85,-4.2711e-05, 4.2711e-05, 4.2711e-05
2.86,-3.11599e-05, 3.11599e-05, 3.11599e-05
2.87,-1.86965e-05, 1.86965e-05, 1.86965e-05
2.88,-5.37003e-06, 5.37003e-06, 5.37003e-06
2.89,8.7669e-06, -8.7669e-06, -8.7669e-06
2.9,2.36585e-05, -2.36585e-05, -2.36585e-05
2.91,3.92461e-05, -3.92461e-05, -3.92461e-05
2.92,5.5468e-05, -5.5468e-05, -5.5468e-05
2.93,7.22603e-05, -7.22603e-05, -7.22603e-05
2.94,8.95567e-05, -8.95567e-05, -8.95567e-05
2.95,0.000107289, -0.000107289, -0.000107289
2.96,0.000125387, -0.000125387, -0.000125387
2.97,0.00014378, -0.00014378, -0.00014378
2.98,0.000162394, -0.000162394, -0.000162394
2.99,0.000181157, -0.000181157, -0.000181157
3,0.000199994, -0.000199994, -0.000199994
