0,0,2,2e-07
0.01,0,2.18837,4.18837e-07
0.02,0,2.376,6.56437e-07
0.03,0,2.56214,9.12651e-07
0.04,0,2.74607,1.18726e-06
0.05,0,2.92705,1.47996e-06
0.06,0,3.10437,1.7904e-06
0.07,0,3.27734,2.11813e-06
0.08,0,3.44526,2.46266e-06
0.09,0,3.60748,2.82341e-06
0.1,0,3.76336,3.19974e-06
0.11,0,3.91227,3.59097e-06
0.12,0,4.05364,3.99633e-06
0.13,0,4.18691,4.41502e-06
0.14,0,4.31154,4.84618e-06
0.15,0,4.42705,5.28888e-06
0.16,0,4.53298,5.74218e-06
0.17,0,4.62892,6.20507e-06
0.18,0,4.71448,6.67652e-06
0.19,0,4.78933,7.15545e-06
0.2,0,4.85317,7.64077e-06
0.21,0,4.90575,8.13134e-06
0.22,0,4.94686,8.62603e-06
0.23,0,4.97634,9.12366e-06
0.24,0,4.99408,9.62307e-06
0.25,0,5,1.01231e-05
0.26,0,4.99408,1.06225e-05
0.27,0,4.97634,1.11201e-05
0.28,0,4.94686,1.16148e-05
0.29,0,4.90575,1.21054e-05
0.3,0,4.85317,1.25907e-05
0.31,0,4.78933,1.30696e-05
0.32,0,4.71448,1.35411e-05
0.33,0,4.62892,1.40039e-05
0.34,0,4.53298,1.44572e-05
0.35,0,4.42705,1.48999e-05
0.36,0,4.31154,1.53311e-05
0.37,0,4.18691,1.57498e-05
0.38,0,4.05364,1.61552e-05
0.39,0,3.91227,1.65464e-05
0.4,0,3.76336,1.69227e-05
0.41,0,3.60748,1.72835e-05
0.42,0,3.44526,1.7628e-05
0.43,0,3.27734,1.79557e-05
0.44,0,3.10437,1.82662e-05
0.45,0,2.92705,1.85589e-05
0.46,0,2.74607,1.88335e-05
0.47,0,2.56214,1.90897e-05
0.48,0,2.376,1.93273e-05
0.49,0,2.18837,1.95461e-05
0.5,0,2,1.97461e-05
0.51,0,1.81163,1.99273e-05
0.52,0,1.624,2.00897e-05
0.53,0,1.43786,2.02334e-05
0.54,0,1.25393,2.03588e-05
0.55,0,1.07295,2.04661e-05
0.56,0,0.895626,2.05557e-05
0.57,0,0.722662,2.0628e-05
0.58,0,0.554739,2.06834e-05
0.59,0,0.39252,2.07227e-05
0.6,0,0.236644,2.07463e-05
0.61,0,0.087728,2.07551e-05
0.62,0,-0.0536413,2.07497e-05
0.63,0,-0.186906,2.07311e-05
0.64,0,-0.31154,2.06999e-05
0.65,0,-0.427051,2.06572e-05
0.66,0,-0.532984,2.06039e-05
0.67,0,-0.62892,2.0541e-05
0.68,0,-0.714481,2.04695e-05
0.69,0,-0.789329,2.03906e-05
0.7,0,-0.85317,2.03053e-05
0.71,0,-0.905749,2.02147e-05
0.72,0,-0.946862,2.012e-05
0.73,0,-0.976344,2.00224e-05
0.74,0,-0.99408,1.9923e-05
0.75,0,-1,1.9823e-05
0.76,0,-0.99408,1.97236e-05
0.77,0,-0.976344,1.96259e-05
0.78,0,-0.946862,1.95312e-05
0.79,0,-0.905749,1.94407e-05
0.8,0,-0.85317,1.93553e-05
0.81,0,-0.789329,1.92764e-05
0.82,0,-0.714481,1.9205e-05
0.83,0,-0.62892,1.91421e-05
0.84,0,-0.532984,1.90888e-05
0.85,0,-0.427051,1.90461e-05
0.86,0,-0.31154,1.90149e-05
0.87,0,-0.186906,1.89962e-05
0.88,0,-0.0536413,1.89908e-05
0.89,0,0.087728,1.89996e-05
0.9,0,0.236644,1.90233e-05
0.91,0,0.39252,1.90625e-05
0.92,0,0.554739,1.9118e-05
0.93,0,0.722662,1.91903e-05
0.94,0,0.895626,1.92798e-05
0.95,0,1.07295,1.93871e-05
0.96,0,1.25393,1.95125e-05
0.97,0,1.43786,1.96563e-05
0.98,0,1.624,1.98187e-05
0.99,0,1.81163,1.99999e-05
1,0,2,2.01998e-05
1.01,0,2.18837,2.04187e-05
1.02,0,2.376,2.06563e-05
1.03,0,2.56214,2.09125e-05
1.04,0,2.74607,2.11871e-05
1.05,0,2.92705,2.14798e-05
1.06,0,3.10437,2.17902e-05
1.07,0,3.27734,2.2118e-05
1.08,0,3.44526,2.24625e-05
1.09,0,3.60748,2.28232e-05
1.1,0,3.76336,2.31996e-05
1.11,0,3.91227,2.35908e-05
1.12,0,4.05364,2.39962e-05
1.13,0,4.18691,2.44148e-05
1.14,0,4.31154,2.4846e-05
1.15,0,4.42705,2.52887e-05
1.16,0,4.53298,2.5742e-05
1.17,0,4.62892,2.62049e-05
1.18,0,4.71448,2.66763e-05
1.19,0,4.78933,2.71553e-05
1.2,0,4.85317,2.76406e-05
1.21,0,4.90575,2.81311e-05
1.22,0,4.94686,2.86258e-05
1.23,0,4.97634,2.91235e-05
1.24,0,4.99408,2.96229e-05
1.25,0,5,3.01229e-05
1.26,0,4.99408,3.06223e-05
1.27,0,4.97634,3.11199e-05
1.28,0,4.94686,3.16146e-05
1.29,0,4.90575,3.21052e-05
1.3,0,4.85317,3.25905e-05
1.31,0,4.78933,3.30694e-05
1.32,0,4.71448,3.35408e-05
1.33,0,4.62892,3.40037e-05
1.34,0,4.53298,3.4457e-05
1.35,0,4.42705,3.48997e-05
1.36,0,4.31154,3.53309e-05
1.37,0,4.18691,3.57496e-05
1.38,0,4.05364,3.61549e-05
1.39,0,3.91227,3.65462e-05
1.4,0,3.76336,3.69225e-05
1.41,0,3.60748,3.72832e-05
1.42,0,3.44526,3.76277e-05
1.43,0,3.27734,3.79555e-05
1.44,0,3.10437,3.82659e-05
1.45,0,2.92705,3.85586e-05
1.46,0,2.74607,3.88332e-05
1.47,0,2.56214,3.90894e-05
1.48,0,2.376,3.9327e-05
1.49,0,2.18837,3.95459e-05
1.5,0,2,3.97459e-05
1.51,0,1.81163,3.9927e-05
1.52,0,1.624,4.00894e-05
1.53,0,1.43786,4.02332e-05
1.54,0,1.25393,4.03586e-05
1.55,0,1.07295,4.04659e-05
1.56,0,0.895626,4.05554e-05
1.57,0,0.722662,4.06277e-05
1.58,0,0.554739,4.06832e-05
1.59,0,0.39252,4.07224e-05
1.6,0,0.236644,4.07461e-05
1.61,0,0.087728,4.07548e-05
1.62,0,-0.0536413,4.07495e-05
1.63,0,-0.186906,4.07308e-05
1.64,0,-0.31154,4.06996e-05
1.65,0,-0.427051,4.06569e-05
1.66,0,-0.532984,4.06036e-05
1.67,0,-0.62892,4.05407e-05
1.68,0,-0.714481,4.04693e-05
1.69,0,-0.789329,4.03903e-05
1.7,0,-0.85317,4.0305e-05
1.71,0,-0.905749,4.02144e-05
1.72,0,-0.946862,4.01197e-05
1.73,0,-0.976344,4.00221e-05
1.74,0,-0.99408,3.99227e-05
1.75,0,-1,3.98227e-05
1.76,0,-0.99408,3.97233e-05
1.77,0,-0.976344,3.96256e-05
1.78,0,-0.946862,3.95309e-05
1.79,0,-0.905749,3.94404e-05
1.8,0,-0.85317,3.9355e-05
1.81,0,-0.789329,3.92761e-05
1.82,0,-0.714481,3.92046e-05
1.83,0,-0.62892,3.91417e-05
1.84,0,-0.532984,3.90884e-05
1.85,0,-0.427051,3.90457e-05
1.86,0,-0.31154,3.90146e-05
1.87,0,-0.186906,3.89959e-05
1.88,0,-0.0536413,3.89905e-05
1.89,0,0.087728,3.89993e-05
1.9,0,0.236644,3.90229e-05
1.91,0,0.39252,3.90622e-05
1.92,0,0.554739,3.91177e-05
1.93,0,0.722662,3.91899e-05
1.94,0,0.895626,3.92795e-05
1.95,0,1.07295,3.93868e-05
1.96,0,1.25393,3.95122e-05
1.97,0,1.43786,3.96559e-05
1.98,0,1.624,3.98183e-05
1.99,0,1.81163,3.99995e-05
2,0,2,4.01995e-05
2.01,0,2.18837,4.04183e-05
2.02,0,2.376,4.06559e-05
2.03,0,2.56214,4.09121e-05
2.04,0,2.74607,4.11867e-05
2.05,0,2.92705,4.14794e-05
2.06,0,3.10437,4.17899e-05
2.07,0,3.27734,4.21176e-05
2.08,0,3.44526,4.24621e-05
2.09,0,3.60748,4.28229e-05
2.1,0,3.76336,4.31992e-05
2.11,0,3.91227,4.35904e-05
2.12,0,4.05364,4.39958e-05
2.13,0,4.18691,4.44145e-05
2.14,0,4.31154,4.48456e-05
2.15,0,4.42705,4.52883e-05
2.16,0,4.53298,4.57416e-05
2.17,0,4.62892,4.62045e-05
2.18,0,4.71448,4.66759e-05
2.19,0,4.78933,4.71549e-05
2.2,0,4.85317,4.76402e-05
2.21,0,4.90575,4.81308e-05
2.22,0,4.94686,4.86254e-05
2.23,0,4.97634,4.91231e-05
2.24,0,4.99408,4.96225e-05
2.25,0,5,5.01225e-05
2.26,0,4.99408,5.06219e-05
2.27,0,4.97634,5.11195e-05
2.28,0,4.94686,5.16142e-05
2.29,0,4.90575,5.21047e-05
2.3,0,4.85317,5.25901e-05
2.31,0,4.78933,5.3069e-05
2.32,0,4.71448,5.35404e-05
2.33,0,4.62892,5.40033e-05
2.34,0,4.53298,5.44566e-05
2.35,0,4.42705,5.48993e-05
2.36,0,4.31154,5.53305e-05
2.37,0,4.18691,5.57491e-05
2.38,0,4.05364,5.61545e-05
2.39,0,3.91227,5.65457e-05
2.4,0,3.76336,5.69221e-05
2.41,0,3.60748,5.72828e-05
2.42,0,3.44526,5.76273e-05
2.43,0,3.27734,5.7955e-05
2.44,0,3.10437,5.82655e-05
2.45,0,2.92705,5.85582e-05
2.46,0,2.74607,5.88328e-05
2.47,0,2.56214,5.9089e-05
2.48,0,2.376,5.93266e-05
2.49,0,2.18837,5.95454e-05
2.5,0,2,5.97454e-05
2.51,0,1.81163,5.99266e-05
2.52,0,1.624,6.0089e-05
2.53,0,1.43786,6.02327e-05
2.54,0,1.25393,6.03581e-05
2.55,0,1.07295,6.04654e-05
2.56,0,0.895626,6.0555e-05
2.57,0,0.722662,6.06272e-05
2.58,0,0.554739,6.06827e-05
2.59,0,0.39252,6.07219e-05
2.6,0,0.236644,6.07456e-05
2.61,0,0.087728,6.07544e-05
2.62,0,-0.0536413,6.0749e-05
2.63,0,-0.186906,6.07303e-05
2.64,0,-0.31154,6.06991e-05
2.65,0,-0.427051,6.06564e-05
2.66,0,-0.532984,6.06031e-05
2.67,0,-0.62892,6.05402e-05
2.68,0,-0.714481,6.04688e-05
2.69,0,-0.789329,6.03898e-05
2.7,0,-0.85317,6.03045e-05
2.71,0,-0.905749,6.02139e-05
2.72,0,-0.946862,6.01192e-05
2.73,0,-0.976344,6.00216e-05
2.74,0,-0.99408,5.99222e-05
2.75,0,-1,5.98222e-05
2.76,0,-0.99408,5.97228e-05
2.77,0,-0.976344,5.96251e-05
2.78,0,-0.946862,5.95304e-05
2.79,0,-0.905749,5.94398e-05
2.8,0,-0.85317,5.93545e-05
2.81,0,-0.789329,5.92756e-05
2.82,0,-0.714481,5.92041e-05
2.83,0,-0.62892,5.91412e-05
2.84,0,-0.532984,5.90879e-05
2.85,0,-0.427051,5.90452e-05
2.86,0,-0.31154,5.90141e-05
2.87,0,-0.186906,5.89954e-05
2.88,0,-0.0536413,5.899e-05
2.89,0,0.087728,5.89988e-05
2.9,0,0.236644,5.90224e-05
2.91,0,0.39252,5.90617e-05
2.92,0,0.554739,5.91171e-05
2.93,0,0.722662,5.91894e-05
2.94,0,0.895626,5.92789e-05
2.95,0,1.07295,5.93862e-05
2.96,0,1.25393,5.95116e-05
2.97,0,1.43786,5.96554e-05
2.98,0,1.624,5.98178e-05
2.99,0,1.81163,5.9999e-05
3,0,2,6.01989e-05
